/* road.c -- TYPED game data reconstructed from the original DGROUP image
 * (values byte-exact AS-IS, names/types ours). Bootstrapped once by
 * tools/gendata2.py; maintained as source. Read DIRECTLY by the engine
 * (mutable tables are seeded into typed runtime blocks by
 * ff_apply_data_tables, game_main.c). */

#include "gamedata.h"

/* perspective base ramp (authored; feeds the E4CC/DC84 LUT build) */
const unsigned char ffd_persp_ramp[256] = {
    255,240,226,213,202,192,183,175,167,160,154,148,142,137,132,128,
    124,120,116,113,110,107,104,101, 98, 96, 94, 91, 89, 87, 85, 83,
     82, 80, 78, 77, 75, 74, 72, 71, 70, 69, 67, 66, 65, 64, 63, 62,
     61, 60, 59, 58, 57, 56, 56, 55, 54, 53, 53, 52, 51, 51, 50, 49,
     49, 48, 47, 47, 46, 46, 45, 45, 44, 44, 43, 43, 42, 42, 41, 41,
     40, 40, 40, 39, 39, 38, 38, 38, 37, 37, 37, 36, 36, 36, 35, 35,
     35, 34, 34, 34, 33, 33, 33, 33, 32, 32, 32, 31, 31, 31, 31, 30,
     30, 30, 30, 30, 29, 29, 29, 29, 28, 28, 28, 28, 28, 27, 27, 27,
     27, 27, 26, 26, 26, 26, 26, 26, 25, 25, 25, 25, 25, 25, 24, 24,
     24, 24, 24, 24, 24, 23, 23, 23, 23, 23, 23, 23, 22, 22, 22, 22,
     22, 22, 22, 22, 21, 21, 21, 21, 21, 21, 21, 21, 21, 20, 20, 20,
     20, 20, 20, 20, 20, 20, 19, 19, 19, 19, 19, 19, 19, 19, 19, 19,
     19, 18, 18, 18, 18, 18, 18, 18, 18, 18, 18, 18, 18, 17, 17, 17,
     17, 17, 17, 17, 17, 17, 17, 17, 17, 17, 16, 16, 16, 16, 16, 16,
     16, 16, 16, 16, 16, 16, 16, 16, 16, 15, 15, 15, 15, 15, 15, 15,
     15, 15, 15, 15, 15, 15, 15, 15, 15, 15, 14, 14, 14, 14, 14, 14,
};

const i16 ffd_sine_lut[256] = {   /* = -256*sin(2*pi*i/256) */
         0,    -6,   -12,   -18,   -25,   -31,   -37,   -43,
       -49,   -56,   -62,   -68,   -74,   -80,   -86,   -92,
       -97,  -103,  -109,  -115,  -120,  -126,  -131,  -136,
      -142,  -147,  -152,  -157,  -162,  -167,  -171,  -176,
      -181,  -185,  -189,  -193,  -197,  -201,  -205,  -209,
      -212,  -216,  -219,  -222,  -225,  -228,  -231,  -234,
      -236,  -238,  -241,  -243,  -244,  -246,  -248,  -249,
      -251,  -252,  -253,  -254,  -254,  -255,  -255,  -255,
      -256,  -255,  -255,  -255,  -254,  -254,  -253,  -252,
      -251,  -249,  -248,  -246,  -244,  -243,  -241,  -238,
      -236,  -234,  -231,  -228,  -225,  -222,  -219,  -216,
      -212,  -209,  -205,  -201,  -197,  -193,  -189,  -185,
      -181,  -176,  -171,  -167,  -162,  -157,  -152,  -147,
      -142,  -136,  -131,  -126,  -120,  -115,  -109,  -103,
       -97,   -92,   -86,   -80,   -74,   -68,   -62,   -56,
       -49,   -43,   -37,   -31,   -25,   -18,   -12,    -6,
         0,     6,    12,    18,    25,    31,    37,    43,
        49,    56,    62,    68,    74,    80,    86,    92,
        97,   103,   109,   115,   120,   126,   131,   136,
       142,   147,   152,   157,   162,   167,   171,   176,
       181,   185,   189,   193,   197,   201,   205,   209,
       212,   216,   219,   222,   225,   228,   231,   234,
       236,   238,   241,   243,   244,   246,   248,   249,
       251,   252,   253,   254,   254,   255,   255,   255,
       256,   255,   255,   255,   254,   254,   253,   252,
       251,   249,   248,   246,   244,   243,   241,   238,
       236,   234,   231,   228,   225,   222,   219,   216,
       212,   209,   205,   201,   197,   193,   189,   185,
       181,   176,   171,   167,   162,   157,   152,   147,
       142,   136,   131,   126,   120,   115,   109,   103,
        97,    92,    86,    80,    74,    68,    62,    56,
        49,    43,    37,    31,    25,    18,    12,     6,
};

const i16 ffd_cosine_lut[256] = {   /* = -256*cos(2*pi*i/256) */
      -256,  -255,  -255,  -255,  -254,  -254,  -253,  -252,
      -251,  -249,  -248,  -246,  -244,  -243,  -241,  -238,
      -236,  -234,  -231,  -228,  -225,  -222,  -219,  -216,
      -212,  -209,  -205,  -201,  -197,  -193,  -189,  -185,
      -181,  -176,  -171,  -167,  -162,  -157,  -152,  -147,
      -142,  -136,  -131,  -126,  -120,  -115,  -109,  -103,
       -97,   -92,   -86,   -80,   -74,   -68,   -62,   -56,
       -49,   -43,   -37,   -31,   -25,   -18,   -12,    -6,
         0,     6,    12,    18,    25,    31,    37,    43,
        49,    56,    62,    68,    74,    80,    86,    92,
        97,   103,   109,   115,   120,   126,   131,   136,
       142,   147,   152,   157,   162,   167,   171,   176,
       181,   185,   189,   193,   197,   201,   205,   209,
       212,   216,   219,   222,   225,   228,   231,   234,
       236,   238,   241,   243,   244,   246,   248,   249,
       251,   252,   253,   254,   254,   255,   255,   255,
       256,   255,   255,   255,   254,   254,   253,   252,
       251,   249,   248,   246,   244,   243,   241,   238,
       236,   234,   231,   228,   225,   222,   219,   216,
       212,   209,   205,   201,   197,   193,   189,   185,
       181,   176,   171,   167,   162,   157,   152,   147,
       142,   136,   131,   126,   120,   115,   109,   103,
        97,    92,    86,    80,    74,    68,    62,    56,
        49,    43,    37,    31,    25,    18,    12,     6,
         0,    -6,   -12,   -18,   -25,   -31,   -37,   -43,
       -49,   -56,   -62,   -68,   -74,   -80,   -86,   -92,
       -97,  -103,  -109,  -115,  -120,  -126,  -131,  -136,
      -142,  -147,  -152,  -157,  -162,  -167,  -171,  -176,
      -181,  -185,  -189,  -193,  -197,  -201,  -205,  -209,
      -212,  -216,  -219,  -222,  -225,  -228,  -231,  -234,
      -236,  -238,  -241,  -243,  -244,  -246,  -248,  -249,
      -251,  -252,  -253,  -254,  -254,  -255,  -255,  -255,
};

const FarPtr ffd_wave_mid_ptrs[2] = { {0x2ED5,0x0DE1}, {0x30D5,0x0DE1} };
/* far ptrs to sine+0x100 / cosine+0x100 (the LUT midpoints) */

/* road curve segments: signed curvature per band step, 0x7F ends a
 * segment (fn0869_154D then jumps via ffd_track_seg_ptrs[wF480]) */
const signed char ffd_track_31dd[33] = {
       0,   0,   0,   0,   0,   0,   0,   0,   0,   0,   0,   0,   0,   0,   0,   0,
       0,   0,   0,   0,   0,   0,   0,   0,   0,   0,   0,   0,   0,   0,   0,   0,
     127,
};
const signed char ffd_track_31fe[48] = {
       0,   0,   0,   0,   0,   0,   0,   0,   0,   0,   0,   0,   0,   0,   0,   0,
       8,   8,   8,   8,   8,   8,   8,   8,   8,   8,   8,   8,   8,   8,   8,   0,
       0,   0,   0,   0,   0,   0,   0,   0,   0,   0,   0,   0,   0,   0,   0, 127,
};
const signed char ffd_track_322e[78] = {
       0,   0,   0,   0,   0,   0,   0,   0,   0,   0,   0,   0,   0,   0,   0,   0,
       8,   8,   8,   8,   8,   8,   8,   8,   8,   8,   8,   8,   8,   8,   8,  16,
      16,  16,  16,  16,  16,  16,  16,  16,  16,  16,  16,  16,  16,  16,   8,   8,
       8,   8,   8,   8,   8,   8,   8,   8,   8,   8,   8,   8,   8,   0,   0,   0,
       0,   0,   0,   0,   0,   0,   0,   0,   0,   0,   0,   0,   0, 127,
};
const signed char ffd_track_327c[108] = {
       0,   0,   0,   0,   0,   0,   0,   0,   0,   0,   0,   0,   0,   0,   0,   0,
       8,   8,   8,   8,   8,   8,   8,   8,   8,   8,   8,   8,   8,   8,   8,  16,
      16,  16,  16,  16,  16,  16,  16,  16,  16,  16,  16,  16,  16,  16,  24,  24,
      24,  24,  24,  24,  24,  24,  24,  24,  24,  24,  24,  24,  24,  16,  16,  16,
      16,  16,  16,  16,  16,  16,  16,  16,  16,  16,  16,  16,   8,   8,   8,   8,
       8,   8,   8,   8,   8,   8,   8,   8,   8,   8,   8,   0,   0,   0,   0,   0,
       0,   0,   0,   0,   0,   0,   0,   0,   0,   0,   0, 127,
};
const signed char ffd_track_32e8[48] = {
       0,   0,   0,   0,   0,   0,   0,   0,   0,   0,   0,   0,   0,   0,   0,   0,
      -8,  -8,  -8,  -8,  -8,  -8,  -8,  -8,  -8,  -8,  -8,  -8,  -8,  -8,  -8,   0,
       0,   0,   0,   0,   0,   0,   0,   0,   0,   0,   0,   0,   0,   0,   0, 127,
};
const signed char ffd_track_3318[78] = {
       0,   0,   0,   0,   0,   0,   0,   0,   0,   0,   0,   0,   0,   0,   0,   0,
      -8,  -8,  -8,  -8,  -8,  -8,  -8,  -8,  -8,  -8,  -8,  -8,  -8,  -8,  -8, -16,
     -16, -16, -16, -16, -16, -16, -16, -16, -16, -16, -16, -16, -16, -16,  -8,  -8,
      -8,  -8,  -8,  -8,  -8,  -8,  -8,  -8,  -8,  -8,  -8,  -8,  -8,   0,   0,   0,
       0,   0,   0,   0,   0,   0,   0,   0,   0,   0,   0,   0,   0, 127,
};
const signed char ffd_track_3366[108] = {
       0,   0,   0,   0,   0,   0,   0,   0,   0,   0,   0,   0,   0,   0,   0,   0,
      -8,  -8,  -8,  -8,  -8,  -8,  -8,  -8,  -8,  -8,  -8,  -8,  -8,  -8,  -8, -16,
     -16, -16, -16, -16, -16, -16, -16, -16, -16, -16, -16, -16, -16, -16, -24, -24,
     -24, -24, -24, -24, -24, -24, -24, -24, -24, -24, -24, -24, -24, -16, -16, -16,
     -16, -16, -16, -16, -16, -16, -16, -16, -16, -16, -16, -16,  -8,  -8,  -8,  -8,
      -8,  -8,  -8,  -8,  -8,  -8,  -8,  -8,  -8,  -8,  -8,   0,   0,   0,   0,   0,
       0,   0,   0,   0,   0,   0,   0,   0,   0,   0,   0, 127,
};

const FarPtr ffd_track_seg_ptrs[12] = {   /* jumped via wF480 */
    { 0x31DD, 0x0DE1 },
    { 0x31DD, 0x0DE1 },
    { 0x31DD, 0x0DE1 },
    { 0x0000, 0x0000 },
    { 0x31FE, 0x0DE1 },
    { 0x31DD, 0x0DE1 },
    { 0x31DD, 0x0DE1 },
    { 0x32E8, 0x0DE1 },
    { 0x31DD, 0x0DE1 },
    { 0x31DD, 0x0DE1 },
    { 0x31DD, 0x0DE1 },
    { 0x3366, 0x0DE1 },
};
const unsigned char ffd_track_tbl_tail[7] = { 124,50,225,13,0,0,0 };   /* pad after the table */

/* a2C49 raster flags + a2C51 road coord table init values */
const u16 ffd_road_coord_seeds[70] = {
    0x0101,0x0000,0x0000,0x0100,0x0014,0x0014,0x0014,0x0014,0x0014,0x0014,0x0014,0x0014,
    0x0014,0x0014,0x0014,0x0014,0x0014,0x0014,0x0014,0x0014,0x0028,0x0028,0x0028,0x0028,
    0x0028,0x0028,0x0028,0x0028,0x0028,0x0028,0x0028,0x0028,0x0028,0x0028,0x0028,0x0028,
    0x003C,0x0032,0x0028,0x0022,0x0020,0x001E,0x001C,0x001A,0x0018,0x0016,0x0014,0x0012,
    0x0010,0x000E,0x000C,0x000A,0x0000,0x0000,0x0000,0x0000,0x0000,0x0000,0x0000,0x0000,
    0x0000,0x0000,0x0000,0x0000,0x0000,0x0000,0x0000,0x0000,0x0000,0x0000,
};
